0.03125   3.0517578125e-05   3.375
0.03125   6.103515625e-05   3.375
0.03125   0.0001220703125   3.375
0.03125   0.000244140625   3.375
0.03125   0.00048828125   3.375
0.03125   0.0009765625   3.375
0.03125   0.001953125   3.375
0.03125   0.00390625   3.375
0.03125   0.0078125   3.375
0.03125   0.015625   3.375
0.03125   0.03125   3.375
0.03125   0.0625   12.375
0.03125   0.125   24.125
0.03125   0.25   28.75
0.03125   0.5   33.5
0.03125   1   35.75
0.03125   2   35.75
0.03125   4   35.75
0.0625   3.0517578125e-05   3.375
0.0625   6.103515625e-05   3.375
0.0625   0.0001220703125   3.375
0.0625   0.000244140625   3.375
0.0625   0.00048828125   3.375
0.0625   0.0009765625   3.375
0.0625   0.001953125   3.375
0.0625   0.00390625   3.375
0.0625   0.0078125   3.375
0.0625   0.015625   3.375
0.0625   0.03125   3.375
0.0625   0.0625   12.375
0.0625   0.125   24.125
0.0625   0.25   28.75
0.0625   0.5   33.375
0.0625   1   35.75
0.0625   2   35.75
0.0625   4   35.75
0.125   3.0517578125e-05   3.375
0.125   6.103515625e-05   3.375
0.125   0.0001220703125   3.375
0.125   0.000244140625   3.375
0.125   0.00048828125   3.375
0.125   0.0009765625   3.375
0.125   0.001953125   3.375
0.125   0.00390625   3.375
0.125   0.0078125   3.375
0.125   0.015625   3.375
0.125   0.03125   3.375
0.125   0.0625   12.375
0.125   0.125   24.125
0.125   0.25   28.75
0.125   0.5   33.25
0.125   1   35.75
0.125   2   35.75
0.125   4   35.75
0.25   3.0517578125e-05   3.375
0.25   6.103515625e-05   3.375
0.25   0.0001220703125   3.375
0.25   0.000244140625   3.375
0.25   0.00048828125   3.375
0.25   0.0009765625   3.375
0.25   0.001953125   3.375
0.25   0.00390625   3.375
0.25   0.0078125   3.375
0.25   0.015625   3.375
0.25   0.03125   3.375
0.25   0.0625   11.875
0.25   0.125   24.125
0.25   0.25   28.75
0.25   0.5   33.25
0.25   1   35.75
0.25   2   35.75
0.25   4   35.75
0.5   3.0517578125e-05   3.375
0.5   6.103515625e-05   3.375
0.5   0.0001220703125   3.375
0.5   0.000244140625   3.375
0.5   0.00048828125   3.375
0.5   0.0009765625   3.375
0.5   0.001953125   3.375
0.5   0.00390625   3.375
0.5   0.0078125   3.375
0.5   0.015625   3.375
0.5   0.03125   3.375
0.5   0.0625   11.875
0.5   0.125   23.875
0.5   0.25   28.75
0.5   0.5   31.5
0.5   1   35.75
0.5   2   35.75
0.5   4   35.75
1   3.0517578125e-05   3.375
1   6.103515625e-05   3.375
1   0.0001220703125   3.375
1   0.000244140625   3.375
1   0.00048828125   3.375
1   0.0009765625   3.375
1   0.001953125   3.375
1   0.00390625   3.375
1   0.0078125   3.375
1   0.015625   3.375
1   0.03125   3.375
1   0.0625   11.875
1   0.125   23.875
1   0.25   28.75
1   0.5   31.5
1   1   35.75
1   2   35.75
1   4   35.75
2   3.0517578125e-05   3.375
2   6.103515625e-05   3.375
2   0.0001220703125   3.375
2   0.000244140625   3.375
2   0.00048828125   3.375
2   0.0009765625   3.375
2   0.001953125   3.375
2   0.00390625   3.375
2   0.0078125   3.375
2   0.015625   3.375
2   0.03125   3.375
2   0.0625   11.875
2   0.125   23.875
2   0.25   28.75
2   0.5   31.5
2   1   35.75
2   2   35.75
2   4   35.75
4   3.0517578125e-05   3.375
4   6.103515625e-05   3.375
4   0.0001220703125   3.375
4   0.000244140625   3.375
4   0.00048828125   3.375
4   0.0009765625   3.375
4   0.001953125   3.375
4   0.00390625   3.375
4   0.0078125   3.375
4   0.015625   3.375
4   0.03125   3.375
4   0.0625   11.875
4   0.125   23.875
4   0.25   28.625
4   0.5   31.5
4   1   35.75
4   2   35.75
4   4   35.75
8   3.0517578125e-05   3.375
8   6.103515625e-05   3.375
8   0.0001220703125   3.375
8   0.000244140625   3.375
8   0.00048828125   3.375
8   0.0009765625   3.375
8   0.001953125   3.375
8   0.00390625   3.375
8   0.0078125   3.375
8   0.015625   3.375
8   0.03125   3.375
8   0.0625   11.875
8   0.125   23.875
8   0.25   28.625
8   0.5   31.5
8   1   35.75
8   2   35.75
8   4   35.75
16   3.0517578125e-05   3.375
16   6.103515625e-05   3.375
16   0.0001220703125   3.375
16   0.000244140625   3.375
16   0.00048828125   3.375
16   0.0009765625   3.375
16   0.001953125   3.375
16   0.00390625   3.375
16   0.0078125   3.375
16   0.015625   3.375
16   0.03125   3.375
16   0.0625   11.875
16   0.125   23.875
16   0.25   28.625
16   0.5   31.5
16   1   35.75
16   2   35.75
16   4   35.75
32   3.0517578125e-05   3.375
32   6.103515625e-05   3.375
32   0.0001220703125   3.375
32   0.000244140625   3.375
32   0.00048828125   3.375
32   0.0009765625   3.375
32   0.001953125   3.375
32   0.00390625   3.375
32   0.0078125   3.375
32   0.015625   3.375
32   0.03125   3.375
32   0.0625   11.875
32   0.125   23.875
32   0.25   28.625
32   0.5   31.5
32   1   35.75
32   2   35.75
32   4   35.75
64   3.0517578125e-05   3.375
64   6.103515625e-05   3.375
64   0.0001220703125   3.375
64   0.000244140625   3.375
64   0.00048828125   3.375
64   0.0009765625   3.375
64   0.001953125   3.375
64   0.00390625   3.375
64   0.0078125   3.375
64   0.015625   3.375
64   0.03125   3.375
64   0.0625   11.875
64   0.125   23.875
64   0.25   28.625
64   0.5   31.5
64   1   35.75
64   2   35.75
64   4   35.75
128   3.0517578125e-05   3.375
128   6.103515625e-05   3.375
128   0.0001220703125   3.375
128   0.000244140625   3.375
128   0.00048828125   3.375
128   0.0009765625   3.375
128   0.001953125   3.375
128   0.00390625   3.375
128   0.0078125   3.375
128   0.015625   3.375
128   0.03125   3.375
128   0.0625   11.875
128   0.125   23.875
128   0.25   28.625
128   0.5   31.5
128   1   35.75
128   2   35.75
128   4   35.75
256   3.0517578125e-05   3.375
256   6.103515625e-05   3.375
256   0.0001220703125   3.375
256   0.000244140625   3.375
256   0.00048828125   3.375
256   0.0009765625   3.375
256   0.001953125   3.375
256   0.00390625   3.375
256   0.0078125   3.375
256   0.015625   3.375
256   0.03125   3.375
256   0.0625   11.875
256   0.125   23.875
256   0.25   28.625
256   0.5   31.5
256   1   35.75
256   2   35.75
256   4   35.75
512   3.0517578125e-05   3.375
512   6.103515625e-05   3.375
512   0.0001220703125   3.375
512   0.000244140625   3.375
512   0.00048828125   3.375
512   0.0009765625   3.375
512   0.001953125   3.375
512   0.00390625   3.375
512   0.0078125   3.375
512   0.015625   3.375
512   0.03125   3.375
512   0.0625   11.875
512   0.125   23.875
512   0.25   28.625
512   0.5   31.5
512   1   35.75
512   2   35.75
512   4   35.75
1024   3.0517578125e-05   3.375
1024   6.103515625e-05   3.375
1024   0.0001220703125   3.375
1024   0.000244140625   3.375
1024   0.00048828125   3.375
1024   0.0009765625   3.375
1024   0.001953125   3.375
1024   0.00390625   3.375
1024   0.0078125   3.375
1024   0.015625   3.375
1024   0.03125   3.375
1024   0.0625   11.875
1024   0.125   23.875
1024   0.25   28.625
1024   0.5   31.5
1024   1   35.75
1024   2   35.75
1024   4   35.75
2048   3.0517578125e-05   3.375
2048   6.103515625e-05   3.375
2048   0.0001220703125   3.375
2048   0.000244140625   3.375
2048   0.00048828125   3.375
2048   0.0009765625   3.375
2048   0.001953125   3.375
2048   0.00390625   3.375
2048   0.0078125   3.375
2048   0.015625   3.375
2048   0.03125   3.375
2048   0.0625   11.875
2048   0.125   23.875
2048   0.25   28.625
2048   0.5   31.5
2048   1   35.75
2048   2   35.75
2048   4   35.75
4096   3.0517578125e-05   3.375
4096   6.103515625e-05   3.375
4096   0.0001220703125   3.375
4096   0.000244140625   3.375
4096   0.00048828125   3.375
4096   0.0009765625   3.375
4096   0.001953125   3.375
4096   0.00390625   3.375
4096   0.0078125   3.375
4096   0.015625   3.375
4096   0.03125   3.375
4096   0.0625   11.875
4096   0.125   23.875
4096   0.25   28.625
4096   0.5   31.5
4096   1   35.75
4096   2   35.75
4096   4   35.75
8192   3.0517578125e-05   3.375
8192   6.103515625e-05   3.375
8192   0.0001220703125   3.375
8192   0.000244140625   3.375
8192   0.00048828125   3.375
8192   0.0009765625   3.375
8192   0.001953125   3.375
8192   0.00390625   3.375
8192   0.0078125   3.375
8192   0.015625   3.375
8192   0.03125   3.375
8192   0.0625   11.875
8192   0.125   23.875
8192   0.25   28.625
8192   0.5   31.5
8192   1   35.75
8192   2   35.75
8192   4   35.75
16384   3.0517578125e-05   3.375
16384   6.103515625e-05   3.375
16384   0.0001220703125   3.375
16384   0.000244140625   3.375
16384   0.00048828125   3.375
16384   0.0009765625   3.375
16384   0.001953125   3.375
16384   0.00390625   3.375
16384   0.0078125   3.375
16384   0.015625   3.375
16384   0.03125   3.375
16384   0.0625   11.875
16384   0.125   23.875
16384   0.25   28.625
16384   0.5   31.5
16384   1   35.75
16384   2   35.75
16384   4   35.75
